name: hololinked
channels:
  - conda-forge
  - defaults
dependencies:
  - alabaster=0.7.16=py311haa95532_0
  - argon2-cffi=23.1.0=pyhd8ed1ab_0
  - argon2-cffi-bindings=21.2.0=py311ha68e1ae_4
  - attrs=23.2.0=pyh71513ae_0
  - babel=2.11.0=py311haa95532_0
  - brotli-python=1.0.9=py311hd77b12b_8
  - bzip2=1.0.8=h2bbff1b_6
  - ca-certificates=2024.6.2=h56e8100_0
  - certifi=2024.6.2=pyhd8ed1ab_0
  - cffi=1.16.0=py311ha68e1ae_0
  - charset-normalizer=2.0.4=pyhd3eb1b0_0
  - colorama=0.4.6=py311haa95532_0
  - docutils=0.18.1=py311haa95532_3
  - greenlet=3.0.3=py311h12c1d0e_0
  - idna=3.7=py311haa95532_0
  - ifaddr=0.2.0=pyhd8ed1ab_0
  - imagesize=1.4.1=py311haa95532_0
  - importlib_resources=6.4.0=pyhd8ed1ab_0
  - jinja2=3.1.4=py311haa95532_0
  - jsonschema=4.22.0=pyhd8ed1ab_0
  - jsonschema-specifications=2023.12.1=pyhd8ed1ab_0
  - krb5=1.21.2=heb0366b_0
  - libexpat=2.6.2=h63175ca_0
  - libffi=3.4.4=hd77b12b_1
  - libsodium=1.0.18=h8d14728_1
  - libsqlite=3.46.0=h2466b09_0
  - libzlib=1.3.1=h2466b09_1
  - markupsafe=2.1.3=py311h2bbff1b_0
  - msgspec=0.18.6=py311ha68e1ae_0
  - numpydoc=1.7.0=pyhd8ed1ab_1
  - openssl=3.3.1=h2466b09_0
  - packaging=23.2=py311haa95532_0
  - pip=24.0=py311haa95532_0
  - pkgutil-resolve-name=1.3.10=pyhd8ed1ab_1
  - pycparser=2.22=pyhd8ed1ab_0
  - pygments=2.15.1=py311haa95532_1
  - pysocks=1.7.1=py311haa95532_0
  - python=3.11.9=h631f459_0_cpython
  - python_abi=3.11=4_cp311
  - pytz=2024.1=py311haa95532_0
  - pyzmq=26.0.3=py311h484c95c_0
  - referencing=0.35.1=pyhd8ed1ab_0
  - requests=2.32.2=py311haa95532_0
  - rpds-py=0.18.1=py311h533ab2d_0
  - setuptools=69.5.1=py311haa95532_0
  - snowballstemmer=2.2.0=pyhd3eb1b0_0
  - sphinx=7.3.7=py311h827c3e9_0
  - sphinx-copybutton=0.5.2=pyhd8ed1ab_0
  - sphinxcontrib-applehelp=1.0.2=pyhd3eb1b0_0
  - sphinxcontrib-devhelp=1.0.2=pyhd3eb1b0_0
  - sphinxcontrib-htmlhelp=2.0.0=pyhd3eb1b0_0
  - sphinxcontrib-jsmath=1.0.1=pyhd3eb1b0_0
  - sphinxcontrib-qthelp=1.0.3=pyhd3eb1b0_0
  - sphinxcontrib-serializinghtml=1.1.10=py311haa95532_0
  - sqlalchemy=2.0.30=py311he736701_0
  - sqlite=3.45.3=h2bbff1b_0
  - tabulate=0.9.0=pyhd8ed1ab_1
  - tk=8.6.13=h5226925_1
  - tomli=2.0.1=pyhd8ed1ab_0
  - tornado=6.4.1=py311he736701_0
  - typing-extensions=4.12.2=hd8ed1ab_0
  - typing_extensions=4.12.2=pyha770c72_0
  - tzdata=2024a=h04d1e81_0
  - ucrt=10.0.22621.0=h57928b3_0
  - urllib3=2.2.1=py311haa95532_0
  - vc=14.2=h2eaa2aa_1
  - vc14_runtime=14.40.33810=ha82c5b3_20
  - vs2015_runtime=14.40.33810=h3bf8584_20
  - wheel=0.43.0=py311haa95532_0
  - win_inet_pton=1.1.0=py311haa95532_0
  - xz=5.4.6=h8cc25b3_1
  - zeromq=4.3.5=he1f189c_4
  - zipp=3.19.2=pyhd8ed1ab_0
  - zlib=1.3.1=h2466b09_1
  - pip:
      - accessible-pygments==0.0.5
      - apeye==1.4.1
      - apeye-core==1.1.5
      - autodocsumm==0.2.12
      - beautifulsoup4==4.12.3
      - cachecontrol==0.14.0
      - cssutils==2.11.1
      - dict2css==0.3.0.post1
      - domdf-python-tools==3.8.1
      - filelock==3.15.1
      - html5lib==1.1
      - more-itertools==10.3.0
      - msgpack==1.0.8
      - natsort==8.4.0
      - platformdirs==4.2.2
      - pydata-sphinx-theme==0.15.3
      - ruamel-yaml==0.18.6
      - ruamel-yaml-clib==0.2.8
      - six==1.16.0
      - soupsieve==2.5
      - sphinx-autodoc-typehints==2.1.1
      - sphinx-jinja2-compat==0.2.0.post1
      - sphinx-prompt==1.8.0
      - sphinx-tabs==3.4.5
      - sphinx-toolbox==3.5.0
      - sqlalchemy-utils==0.41.2
      - webencodings==0.5.1
prefix: C:\Users\vvign\.conda\envs\hololinked
